Массив до сортировки (сортировка подсчетом):
2 4 2 3 0 4 2 0 5 2 1 3 0 2 5 4 5 4 5 5 2 2 5 0 0 0 0 0 3 2 5 5 0 5 2 0 1 5 0 0 0 2 1 0 5 5 5 3 1 3 
Массив после сортировки:
0 0 0 0 0 0 0 0 0 0 0 0 0 0 1 1 1 1 2 2 2 2 2 2 2 2 2 2 3 3 3 3 3 4 4 4 4 5 5 5 5 5 5 5 5 5 5 5 5 5 
Массив до сортировки (сортировка подсчетом):
2 4 2 3 0 4 2 0 5 2 1 3 0 2 5 4 5 4 5 5 2 2 5 0 0 0 0 0 3 2 5 5 0 5 2 0 1 5 0 0 0 2 1 0 5 5 5 3 1 3 5 5 1 3 1 3 0 4 0 5 2 1 4 2 4 0 4 5 0 1 0 0 1 3 4 3 2 3 1 0 1 4 0 1 0 2 1 4 0 1 1 5 0 3 5 1 1 2 2 1 
Массив после сортировки:
0 0 0 0 0 0 0 0 0 0 0 0 0 0 0 0 0 0 0 0 0 0 0 0 0 1 1 1 1 1 1 1 1 1 1 1 1 1 1 1 1 1 1 2 2 2 2 2 2 2 2 2 2 2 2 2 2 2 2 3 3 3 3 3 3 3 3 3 3 3 4 4 4 4 4 4 4 4 4 4 4 5 5 5 5 5 5 5 5 5 5 5 5 5 5 5 5 5 5 5 
Массив до сортировки (сортировка подсчетом):
2 4 2 3 0 4 2 0 5 2 1 3 0 2 5 4 5 4 5 5 2 2 5 0 0 0 0 0 3 2 5 5 0 5 2 0 1 5 0 0 0 2 1 0 5 5 5 3 1 3 5 5 1 3 1 3 0 4 0 5 2 1 4 2 4 0 4 5 0 1 0 0 1 3 4 3 2 3 1 0 1 4 0 1 0 2 1 4 0 1 1 5 0 3 5 1 1 2 2 1 5 5 0 1 0 3 5 0 5 3 3 0 2 2 2 4 0 4 2 5 4 0 4 2 3 4 0 3 5 5 3 1 3 1 2 5 0 2 3 0 2 4 4 5 2 0 4 1 5 1 
Массив после сортировки:
0 0 0 0 0 0 0 0 0 0 0 0 0 0 0 0 0 0 0 0 0 0 0 0 0 0 0 0 0 0 0 0 0 0 0 1 1 1 1 1 1 1 1 1 1 1 1 1 1 1 1 1 1 1 1 1 1 1 2 2 2 2 2 2 2 2 2 2 2 2 2 2 2 2 2 2 2 2 2 2 2 2 2 3 3 3 3 3 3 3 3 3 3 3 3 3 3 3 3 3 3 3 4 4 4 4 4 4 4 4 4 4 4 4 4 4 4 4 4 4 4 5 5 5 5 5 5 5 5 5 5 5 5 5 5 5 5 5 5 5 5 5 5 5 5 5 5 5 5 5 
Массив до сортировки (сортировка подсчетом):
2 4 2 3 0 4 2 0 5 2 1 3 0 2 5 4 5 4 5 5 2 2 5 0 0 0 0 0 3 2 5 5 0 5 2 0 1 5 0 0 0 2 1 0 5 5 5 3 1 3 5 5 1 3 1 3 0 4 0 5 2 1 4 2 4 0 4 5 0 1 0 0 1 3 4 3 2 3 1 0 1 4 0 1 0 2 1 4 0 1 1 5 0 3 5 1 1 2 2 1 5 5 0 1 0 3 5 0 5 3 3 0 2 2 2 4 0 4 2 5 4 0 4 2 3 4 0 3 5 5 3 1 3 1 2 5 0 2 3 0 2 4 4 5 2 0 4 1 5 1 0 0 3 4 3 4 5 5 2 0 4 5 0 3 3 4 5 4 3 4 4 5 5 5 5 1 5 4 2 3 1 1 0 0 5 2 3 1 2 4 4 5 0 4 5 2 2 1 2 0 
Массив после сортировки:
0 0 0 0 0 0 0 0 0 0 0 0 0 0 0 0 0 0 0 0 0 0 0 0 0 0 0 0 0 0 0 0 0 0 0 0 0 0 0 0 0 0 0 1 1 1 1 1 1 1 1 1 1 1 1 1 1 1 1 1 1 1 1 1 1 1 1 1 1 1 1 2 2 2 2 2 2 2 2 2 2 2 2 2 2 2 2 2 2 2 2 2 2 2 2 2 2 2 2 2 2 2 2 3 3 3 3 3 3 3 3 3 3 3 3 3 3 3 3 3 3 3 3 3 3 3 3 3 3 4 4 4 4 4 4 4 4 4 4 4 4 4 4 4 4 4 4 4 4 4 4 4 4 4 4 4 4 4 4 5 5 5 5 5 5 5 5 5 5 5 5 5 5 5 5 5 5 5 5 5 5 5 5 5 5 5 5 5 5 5 5 5 5 5 5 5 5 5 5 5 
Массив до сортировки (сортировка подсчетом):
2 4 2 3 0 4 2 0 5 2 1 3 0 2 5 4 5 4 5 5 2 2 5 0 0 0 0 0 3 2 5 5 0 5 2 0 1 5 0 0 0 2 1 0 5 5 5 3 1 3 5 5 1 3 1 3 0 4 0 5 2 1 4 2 4 0 4 5 0 1 0 0 1 3 4 3 2 3 1 0 1 4 0 1 0 2 1 4 0 1 1 5 0 3 5 1 1 2 2 1 5 5 0 1 0 3 5 0 5 3 3 0 2 2 2 4 0 4 2 5 4 0 4 2 3 4 0 3 5 5 3 1 3 1 2 5 0 2 3 0 2 4 4 5 2 0 4 1 5 1 0 0 3 4 3 4 5 5 2 0 4 5 0 3 3 4 5 4 3 4 4 5 5 5 5 1 5 4 2 3 1 1 0 0 5 2 3 1 2 4 4 5 0 4 5 2 2 1 2 0 4 3 1 1 1 5 3 4 2 3 1 5 2 4 3 1 3 2 2 3 5 1 3 0 5 3 2 0 1 4 0 1 5 5 5 5 4 5 2 1 1 0 5 0 4 2 1 2 0 2 
Массив после сортировки:
0 0 0 0 0 0 0 0 0 0 0 0 0 0 0 0 0 0 0 0 0 0 0 0 0 0 0 0 0 0 0 0 0 0 0 0 0 0 0 0 0 0 0 0 0 0 0 0 0 1 1 1 1 1 1 1 1 1 1 1 1 1 1 1 1 1 1 1 1 1 1 1 1 1 1 1 1 1 1 1 1 1 1 1 1 1 1 1 2 2 2 2 2 2 2 2 2 2 2 2 2 2 2 2 2 2 2 2 2 2 2 2 2 2 2 2 2 2 2 2 2 2 2 2 2 2 2 2 2 3 3 3 3 3 3 3 3 3 3 3 3 3 3 3 3 3 3 3 3 3 3 3 3 3 3 3 3 3 3 3 3 3 3 4 4 4 4 4 4 4 4 4 4 4 4 4 4 4 4 4 4 4 4 4 4 4 4 4 4 4 4 4 4 4 4 4 4 4 4 5 5 5 5 5 5 5 5 5 5 5 5 5 5 5 5 5 5 5 5 5 5 5 5 5 5 5 5 5 5 5 5 5 5 5 5 5 5 5 5 5 5 5 5 5 5 5 5 5 5 5 
Массив до сортировки (сортировка подсчетом):
2 4 2 3 0 4 2 0 5 2 1 3 0 2 5 4 5 4 5 5 2 2 5 0 0 0 0 0 3 2 5 5 0 5 2 0 1 5 0 0 0 2 1 0 5 5 5 3 1 3 5 5 1 3 1 3 0 4 0 5 2 1 4 2 4 0 4 5 0 1 0 0 1 3 4 3 2 3 1 0 1 4 0 1 0 2 1 4 0 1 1 5 0 3 5 1 1 2 2 1 5 5 0 1 0 3 5 0 5 3 3 0 2 2 2 4 0 4 2 5 4 0 4 2 3 4 0 3 5 5 3 1 3 1 2 5 0 2 3 0 2 4 4 5 2 0 4 1 5 1 0 0 3 4 3 4 5 5 2 0 4 5 0 3 3 4 5 4 3 4 4 5 5 5 5 1 5 4 2 3 1 1 0 0 5 2 3 1 2 4 4 5 0 4 5 2 2 1 2 0 4 3 1 1 1 5 3 4 2 3 1 5 2 4 3 1 3 2 2 3 5 1 3 0 5 3 2 0 1 4 0 1 5 5 5 5 4 5 2 1 1 0 5 0 4 2 1 2 0 2 1 5 4 0 3 1 2 3 1 2 5 2 2 5 1 3 3 5 5 0 5 1 5 2 1 4 4 2 1 4 0 3 3 0 3 1 4 3 5 0 1 2 2 5 5 3 0 2 0 0 
Массив после сортировки:
0 0 0 0 0 0 0 0 0 0 0 0 0 0 0 0 0 0 0 0 0 0 0 0 0 0 0 0 0 0 0 0 0 0 0 0 0 0 0 0 0 0 0 0 0 0 0 0 0 0 0 0 0 0 0 0 0 1 1 1 1 1 1 1 1 1 1 1 1 1 1 1 1 1 1 1 1 1 1 1 1 1 1 1 1 1 1 1 1 1 1 1 1 1 1 1 1 1 1 1 1 1 1 1 1 2 2 2 2 2 2 2 2 2 2 2 2 2 2 2 2 2 2 2 2 2 2 2 2 2 2 2 2 2 2 2 2 2 2 2 2 2 2 2 2 2 2 2 2 2 2 2 2 2 2 3 3 3 3 3 3 3 3 3 3 3 3 3 3 3 3 3 3 3 3 3 3 3 3 3 3 3 3 3 3 3 3 3 3 3 3 3 3 3 3 3 3 3 4 4 4 4 4 4 4 4 4 4 4 4 4 4 4 4 4 4 4 4 4 4 4 4 4 4 4 4 4 4 4 4 4 4 4 4 4 4 4 4 4 5 5 5 5 5 5 5 5 5 5 5 5 5 5 5 5 5 5 5 5 5 5 5 5 5 5 5 5 5 5 5 5 5 5 5 5 5 5 5 5 5 5 5 5 5 5 5 5 5 5 5 5 5 5 5 5 5 5 5 5 5 
Массив до сортировки (сортировка подсчетом):
1853 3848 3126 377 2763 3446 3219 820 3000 820 3112 2873 482 1616 1285 1103 1808 3980 3950 1977 2392 1601 2436 324 3055 3962 76 1479 689 2751 2902 580 1219 3040 1891 1877 2216 559 1330 551 2416 925 3123 2634 3760 3056 1072 2616 2473 1021 
Массив после сортировки:
76 324 377 482 551 559 580 689 820 820 925 1021 1072 1103 1219 1285 1330 1479 1601 1616 1808 1853 1877 1891 1977 2216 2392 2416 2436 2473 2616 2634 2751 2763 2873 2902 3000 3040 3055 3056 3112 3123 3126 3219 3446 3760 3848 3950 3962 3980 
Массив до сортировки (сортировка подсчетом):
1853 3848 3126 377 2763 3446 3219 820 3000 820 3112 2873 482 1616 1285 1103 1808 3980 3950 1977 2392 1601 2436 324 3055 3962 76 1479 689 2751 2902 580 1219 3040 1891 1877 2216 559 1330 551 2416 925 3123 2634 3760 3056 1072 2616 2473 1021 2396 1094 1252 3365 3885 1650 1007 215 848 2780 3465 260 1734 829 2035 27 535 1871 3637 3007 2621 1964 1887 2616 936 2176 111 599 2516 1789 2518 3847 2991 132 2639 3630 326 3330 2928 3086 1633 48 2852 1783 890 3906 482 288 3206 2986 
Массив после сортировки:
27 48 76 111 132 215 260 288 324 326 377 482 482 535 551 559 580 599 689 820 820 829 848 890 925 936 1007 1021 1072 1094 1103 1219 1252 1285 1330 1479 1601 1616 1633 1650 1734 1783 1789 1808 1853 1871 1877 1887 1891 1964 1977 2035 2176 2216 2392 2396 2416 2436 2473 2516 2518 2616 2616 2621 2634 2639 2751 2763 2780 2852 2873 2902 2928 2986 2991 3000 3007 3040 3055 3056 3086 3112 3123 3126 3206 3219 3330 3365 3446 3465 3630 3637 3760 3847 3848 3885 3906 3950 3962 3980 
Массив до сортировки (сортировка подсчетом):
1853 3848 3126 377 2763 3446 3219 820 3000 820 3112 2873 482 1616 1285 1103 1808 3980 3950 1977 2392 1601 2436 324 3055 3962 76 1479 689 2751 2902 580 1219 3040 1891 1877 2216 559 1330 551 2416 925 3123 2634 3760 3056 1072 2616 2473 1021 2396 1094 1252 3365 3885 1650 1007 215 848 2780 3465 260 1734 829 2035 27 535 1871 3637 3007 2621 1964 1887 2616 936 2176 111 599 2516 1789 2518 3847 2991 132 2639 3630 326 3330 2928 3086 1633 48 2852 1783 890 3906 482 288 3206 2986 214 2605 3494 2806 3862 2338 2527 513 3766 3622 3437 1701 3519 757 757 580 1436 3350 2170 1410 394 3799 3150 3333 451 108 894 475 3081 3738 3359 2525 3756 2808 82 693 2638 1820 2256 748 884 3263 2452 2916 3647 1545 896 1958 1549 488 
Массив после сортировки:
27 48 76 82 108 111 132 214 215 260 288 324 326 377 394 451 475 482 482 488 513 535 551 559 580 580 599 689 693 748 757 757 820 820 829 848 884 890 894 896 925 936 1007 1021 1072 1094 1103 1219 1252 1285 1330 1410 1436 1479 1545 1549 1601 1616 1633 1650 1701 1734 1783 1789 1808 1820 1853 1871 1877 1887 1891 1958 1964 1977 2035 2170 2176 2216 2256 2338 2392 2396 2416 2436 2452 2473 2516 2518 2525 2527 2605 2616 2616 2621 2634 2638 2639 2751 2763 2780 2806 2808 2852 2873 2902 2916 2928 2986 2991 3000 3007 3040 3055 3056 3081 3086 3112 3123 3126 3150 3206 3219 3263 3330 3333 3350 3359 3365 3437 3446 3465 3494 3519 3622 3630 3637 3647 3738 3756 3760 3766 3799 3847 3848 3862 3885 3906 3950 3962 3980 
Массив до сортировки (сортировка подсчетом):
1853 3848 3126 377 2763 3446 3219 820 3000 820 3112 2873 482 1616 1285 1103 1808 3980 3950 1977 2392 1601 2436 324 3055 3962 76 1479 689 2751 2902 580 1219 3040 1891 1877 2216 559 1330 551 2416 925 3123 2634 3760 3056 1072 2616 2473 1021 2396 1094 1252 3365 3885 1650 1007 215 848 2780 3465 260 1734 829 2035 27 535 1871 3637 3007 2621 1964 1887 2616 936 2176 111 599 2516 1789 2518 3847 2991 132 2639 3630 326 3330 2928 3086 1633 48 2852 1783 890 3906 482 288 3206 2986 214 2605 3494 2806 3862 2338 2527 513 3766 3622 3437 1701 3519 757 757 580 1436 3350 2170 1410 394 3799 3150 3333 451 108 894 475 3081 3738 3359 2525 3756 2808 82 693 2638 1820 2256 748 884 3263 2452 2916 3647 1545 896 1958 1549 488 1546 629 2816 2369 183 906 794 3962 1007 3370 2417 855 132 2662 3272 1357 3535 982 580 3869 432 294 2999 204 3541 2403 2890 3782 2341 2628 938 3770 2250 3528 3906 1480 1113 2350 647 2848 1207 2665 1756 2271 16 3504 2391 2992 2480 862 
Массив после сортировки:
16 27 48 76 82 108 111 132 132 183 204 214 215 260 288 294 324 326 377 394 432 451 475 482 482 488 513 535 551 559 580 580 580 599 629 647 689 693 748 757 757 794 820 820 829 848 855 862 884 890 894 896 906 925 936 938 982 1007 1007 1021 1072 1094 1103 1113 1207 1219 1252 1285 1330 1357 1410 1436 1479 1480 1545 1546 1549 1601 1616 1633 1650 1701 1734 1756 1783 1789 1808 1820 1853 1871 1877 1887 1891 1958 1964 1977 2035 2170 2176 2216 2250 2256 2271 2338 2341 2350 2369 2391 2392 2396 2403 2416 2417 2436 2452 2473 2480 2516 2518 2525 2527 2605 2616 2616 2621 2628 2634 2638 2639 2662 2665 2751 2763 2780 2806 2808 2816 2848 2852 2873 2890 2902 2916 2928 2986 2991 2992 2999 3000 3007 3040 3055 3056 3081 3086 3112 3123 3126 3150 3206 3219 3263 3272 3330 3333 3350 3359 3365 3370 3437 3446 3465 3494 3504 3519 3528 3535 3541 3622 3630 3637 3647 3738 3756 3760 3766 3770 3782 3799 3847 3848 3862 3869 3885 3906 3906 3950 3962 3962 3980 
Массив до сортировки (сортировка подсчетом):
1853 3848 3126 377 2763 3446 3219 820 3000 820 3112 2873 482 1616 1285 1103 1808 3980 3950 1977 2392 1601 2436 324 3055 3962 76 1479 689 2751 2902 580 1219 3040 1891 1877 2216 559 1330 551 2416 925 3123 2634 3760 3056 1072 2616 2473 1021 2396 1094 1252 3365 3885 1650 1007 215 848 2780 3465 260 1734 829 2035 27 535 1871 3637 3007 2621 1964 1887 2616 936 2176 111 599 2516 1789 2518 3847 2991 132 2639 3630 326 3330 2928 3086 1633 48 2852 1783 890 3906 482 288 3206 2986 214 2605 3494 2806 3862 2338 2527 513 3766 3622 3437 1701 3519 757 757 580 1436 3350 2170 1410 394 3799 3150 3333 451 108 894 475 3081 3738 3359 2525 3756 2808 82 693 2638 1820 2256 748 884 3263 2452 2916 3647 1545 896 1958 1549 488 1546 629 2816 2369 183 906 794 3962 1007 3370 2417 855 132 2662 3272 1357 3535 982 580 3869 432 294 2999 204 3541 2403 2890 3782 2341 2628 938 3770 2250 3528 3906 1480 1113 2350 647 2848 1207 2665 1756 2271 16 3504 2391 2992 2480 862 2202 1995 538 1440 440 2960 489 2497 1657 3389 2193 1660 3033 1094 1696 1389 2460 2880 1801 2067 2730 1866 1750 2534 1594 2044 274 396 2622 2304 3553 3542 1533 1824 2039 3744 1931 3580 851 3009 3874 976 960 2160 775 1367 3507 217 1601 3993 
Массив после сортировки:
16 27 48 76 82 108 111 132 132 183 204 214 215 217 260 274 288 294 324 326 377 394 396 432 440 451 475 482 482 488 489 513 535 538 551 559 580 580 580 599 629 647 689 693 748 757 757 775 794 820 820 829 848 851 855 862 884 890 894 896 906 925 936 938 960 976 982 1007 1007 1021 1072 1094 1094 1103 1113 1207 1219 1252 1285 1330 1357 1367 1389 1410 1436 1440 1479 1480 1533 1545 1546 1549 1594 1601 1601 1616 1633 1650 1657 1660 1696 1701 1734 1750 1756 1783 1789 1801 1808 1820 1824 1853 1866 1871 1877 1887 1891 1931 1958 1964 1977 1995 2035 2039 2044 2067 2160 2170 2176 2193 2202 2216 2250 2256 2271 2304 2338 2341 2350 2369 2391 2392 2396 2403 2416 2417 2436 2452 2460 2473 2480 2497 2516 2518 2525 2527 2534 2605 2616 2616 2621 2622 2628 2634 2638 2639 2662 2665 2730 2751 2763 2780 2806 2808 2816 2848 2852 2873 2880 2890 2902 2916 2928 2960 2986 2991 2992 2999 3000 3007 3009 3033 3040 3055 3056 3081 3086 3112 3123 3126 3150 3206 3219 3263 3272 3330 3333 3350 3359 3365 3370 3389 3437 3446 3465 3494 3504 3507 3519 3528 3535 3541 3542 3553 3580 3622 3630 3637 3647 3738 3744 3756 3760 3766 3770 3782 3799 3847 3848 3862 3869 3874 3885 3906 3906 3950 3962 3962 3980 3993 
Массив до сортировки (сортировка подсчетом):
1853 3848 3126 377 2763 3446 3219 820 3000 820 3112 2873 482 1616 1285 1103 1808 3980 3950 1977 2392 1601 2436 324 3055 3962 76 1479 689 2751 2902 580 1219 3040 1891 1877 2216 559 1330 551 2416 925 3123 2634 3760 3056 1072 2616 2473 1021 2396 1094 1252 3365 3885 1650 1007 215 848 2780 3465 260 1734 829 2035 27 535 1871 3637 3007 2621 1964 1887 2616 936 2176 111 599 2516 1789 2518 3847 2991 132 2639 3630 326 3330 2928 3086 1633 48 2852 1783 890 3906 482 288 3206 2986 214 2605 3494 2806 3862 2338 2527 513 3766 3622 3437 1701 3519 757 757 580 1436 3350 2170 1410 394 3799 3150 3333 451 108 894 475 3081 3738 3359 2525 3756 2808 82 693 2638 1820 2256 748 884 3263 2452 2916 3647 1545 896 1958 1549 488 1546 629 2816 2369 183 906 794 3962 1007 3370 2417 855 132 2662 3272 1357 3535 982 580 3869 432 294 2999 204 3541 2403 2890 3782 2341 2628 938 3770 2250 3528 3906 1480 1113 2350 647 2848 1207 2665 1756 2271 16 3504 2391 2992 2480 862 2202 1995 538 1440 440 2960 489 2497 1657 3389 2193 1660 3033 1094 1696 1389 2460 2880 1801 2067 2730 1866 1750 2534 1594 2044 274 396 2622 2304 3553 3542 1533 1824 2039 3744 1931 3580 851 3009 3874 976 960 2160 775 1367 3507 217 1601 3993 270 2828 1505 3494 1718 2779 3283 1717 222 277 1148 1159 126 1698 2962 2700 1592 2515 1821 1181 1804 1870 3378 636 1488 3522 907 3404 3390 3442 1495 1171 1978 281 1267 3985 232 3948 401 1886 2983 188 685 3666 2842 3868 3034 3052 618 2381 
Массив после сортировки:
16 27 48 76 82 108 111 126 132 132 183 188 204 214 215 217 222 232 260 270 274 277 281 288 294 324 326 377 394 396 401 432 440 451 475 482 482 488 489 513 535 538 551 559 580 580 580 599 618 629 636 647 685 689 693 748 757 757 775 794 820 820 829 848 851 855 862 884 890 894 896 906 907 925 936 938 960 976 982 1007 1007 1021 1072 1094 1094 1103 1113 1148 1159 1171 1181 1207 1219 1252 1267 1285 1330 1357 1367 1389 1410 1436 1440 1479 1480 1488 1495 1505 1533 1545 1546 1549 1592 1594 1601 1601 1616 1633 1650 1657 1660 1696 1698 1701 1717 1718 1734 1750 1756 1783 1789 1801 1804 1808 1820 1821 1824 1853 1866 1870 1871 1877 1886 1887 1891 1931 1958 1964 1977 1978 1995 2035 2039 2044 2067 2160 2170 2176 2193 2202 2216 2250 2256 2271 2304 2338 2341 2350 2369 2381 2391 2392 2396 2403 2416 2417 2436 2452 2460 2473 2480 2497 2515 2516 2518 2525 2527 2534 2605 2616 2616 2621 2622 2628 2634 2638 2639 2662 2665 2700 2730 2751 2763 2779 2780 2806 2808 2816 2828 2842 2848 2852 2873 2880 2890 2902 2916 2928 2960 2962 2983 2986 2991 2992 2999 3000 3007 3009 3033 3034 3040 3052 3055 3056 3081 3086 3112 3123 3126 3150 3206 3219 3263 3272 3283 3330 3333 3350 3359 3365 3370 3378 3389 3390 3404 3437 3442 3446 3465 3494 3494 3504 3507 3519 3522 3528 3535 3541 3542 3553 3580 3622 3630 3637 3647 3666 3738 3744 3756 3760 3766 3770 3782 3799 3847 3848 3862 3868 3869 3874 3885 3906 3906 3948 3950 3962 3962 3980 3985 3993 
Массив до сортировки (сортировка подсчетом):
324 377 482 820 820 1103 1285 1601 1616 1808 1853 1977 2392 2436 2763 2873 3000 3055 3112 3126 3219 3446 3848 3950 3980 3962 76 1479 689 2751 2902 580 1219 3040 1891 1877 2216 559 1330 551 2416 925 3123 2634 3760 3056 1072 2616 2473 1021 
Массив после сортировки:
76 324 377 482 551 559 580 689 820 820 925 1021 1072 1103 1219 1285 1330 1479 1601 1616 1808 1853 1877 1891 1977 2216 2392 2416 2436 2473 2616 2634 2751 2763 2873 2902 3000 3040 3055 3056 3112 3123 3126 3219 3446 3760 3848 3950 3962 3980 
Массив до сортировки (сортировка подсчетом):
76 324 377 482 551 559 580 689 820 820 925 1021 1072 1103 1219 1285 1330 1479 1601 1616 1808 1853 1877 1891 1977 2216 2392 2416 2436 2473 2616 2634 2751 2763 2873 2902 3000 3040 3055 3056 3112 3123 3126 3219 3446 3760 3848 3950 3962 3980 2396 1094 1252 3365 3885 1650 1007 215 848 2780 3465 260 1734 829 2035 27 535 1871 3637 3007 2621 1964 1887 2616 936 2176 111 599 2516 1789 2518 3847 2991 132 2639 3630 326 3330 2928 3086 1633 48 2852 1783 890 3906 482 288 3206 2986 
Массив после сортировки:
27 48 76 111 132 215 260 288 324 326 377 482 482 535 551 559 580 599 689 820 820 829 848 890 925 936 1007 1021 1072 1094 1103 1219 1252 1285 1330 1479 1601 1616 1633 1650 1734 1783 1789 1808 1853 1871 1877 1887 1891 1964 1977 2035 2176 2216 2392 2396 2416 2436 2473 2516 2518 2616 2616 2621 2634 2639 2751 2763 2780 2852 2873 2902 2928 2986 2991 3000 3007 3040 3055 3056 3086 3112 3123 3126 3206 3219 3330 3365 3446 3465 3630 3637 3760 3847 3848 3885 3906 3950 3962 3980 
Массив до сортировки (сортировка подсчетом):
27 76 215 260 324 377 482 535 551 559 580 689 820 820 829 848 925 936 1007 1021 1072 1094 1103 1219 1252 1285 1330 1479 1601 1616 1650 1734 1808 1853 1871 1877 1887 1891 1964 1977 2035 2216 2392 2396 2416 2436 2473 2616 2616 2621 2634 2751 2763 2780 2873 2902 3000 3007 3040 3055 3056 3112 3123 3126 3219 3365 3446 3465 3637 3760 3848 3885 3950 3962 3980 2176 111 599 2516 1789 2518 3847 2991 132 2639 3630 326 3330 2928 3086 1633 48 2852 1783 890 3906 482 288 3206 2986 214 2605 3494 2806 3862 2338 2527 513 3766 3622 3437 1701 3519 757 757 580 1436 3350 2170 1410 394 3799 3150 3333 451 108 894 475 3081 3738 3359 2525 3756 2808 82 693 2638 1820 2256 748 884 3263 2452 2916 3647 1545 896 1958 1549 488 
Массив после сортировки:
27 48 76 82 108 111 132 214 215 260 288 324 326 377 394 451 475 482 482 488 513 535 551 559 580 580 599 689 693 748 757 757 820 820 829 848 884 890 894 896 925 936 1007 1021 1072 1094 1103 1219 1252 1285 1330 1410 1436 1479 1545 1549 1601 1616 1633 1650 1701 1734 1783 1789 1808 1820 1853 1871 1877 1887 1891 1958 1964 1977 2035 2170 2176 2216 2256 2338 2392 2396 2416 2436 2452 2473 2516 2518 2525 2527 2605 2616 2616 2621 2634 2638 2639 2751 2763 2780 2806 2808 2852 2873 2902 2916 2928 2986 2991 3000 3007 3040 3055 3056 3081 3086 3112 3123 3126 3150 3206 3219 3263 3330 3333 3350 3359 3365 3437 3446 3465 3494 3519 3622 3630 3637 3647 3738 3756 3760 3766 3799 3847 3848 3862 3885 3906 3950 3962 3980 
Массив до сортировки (сортировка подсчетом):
27 48 76 111 132 215 260 288 324 326 377 482 482 535 551 559 580 599 689 820 820 829 848 890 925 936 1007 1021 1072 1094 1103 1219 1252 1285 1330 1479 1601 1616 1633 1650 1734 1783 1789 1808 1853 1871 1877 1887 1891 1964 1977 2035 2176 2216 2392 2396 2416 2436 2473 2516 2518 2616 2616 2621 2634 2639 2751 2763 2780 2852 2873 2902 2928 2986 2991 3000 3007 3040 3055 3056 3086 3112 3123 3126 3206 3219 3330 3365 3446 3465 3630 3637 3760 3847 3848 3885 3906 3950 3962 3980 214 2605 3494 2806 3862 2338 2527 513 3766 3622 3437 1701 3519 757 757 580 1436 3350 2170 1410 394 3799 3150 3333 451 108 894 475 3081 3738 3359 2525 3756 2808 82 693 2638 1820 2256 748 884 3263 2452 2916 3647 1545 896 1958 1549 488 1546 629 2816 2369 183 906 794 3962 1007 3370 2417 855 132 2662 3272 1357 3535 982 580 3869 432 294 2999 204 3541 2403 2890 3782 2341 2628 938 3770 2250 3528 3906 1480 1113 2350 647 2848 1207 2665 1756 2271 16 3504 2391 2992 2480 862 
Массив после сортировки:
16 27 48 76 82 108 111 132 132 183 204 214 215 260 288 294 324 326 377 394 432 451 475 482 482 488 513 535 551 559 580 580 580 599 629 647 689 693 748 757 757 794 820 820 829 848 855 862 884 890 894 896 906 925 936 938 982 1007 1007 1021 1072 1094 1103 1113 1207 1219 1252 1285 1330 1357 1410 1436 1479 1480 1545 1546 1549 1601 1616 1633 1650 1701 1734 1756 1783 1789 1808 1820 1853 1871 1877 1887 1891 1958 1964 1977 2035 2170 2176 2216 2250 2256 2271 2338 2341 2350 2369 2391 2392 2396 2403 2416 2417 2436 2452 2473 2480 2516 2518 2525 2527 2605 2616 2616 2621 2628 2634 2638 2639 2662 2665 2751 2763 2780 2806 2808 2816 2848 2852 2873 2890 2902 2916 2928 2986 2991 2992 2999 3000 3007 3040 3055 3056 3081 3086 3112 3123 3126 3150 3206 3219 3263 3272 3330 3333 3350 3359 3365 3370 3437 3446 3465 3494 3504 3519 3528 3535 3541 3622 3630 3637 3647 3738 3756 3760 3766 3770 3782 3799 3847 3848 3862 3869 3885 3906 3906 3950 3962 3962 3980 
Массив до сортировки (сортировка подсчетом):
27 48 76 111 132 214 215 260 288 324 326 377 394 451 482 482 513 535 551 559 580 580 599 689 757 757 820 820 829 848 890 925 936 1007 1021 1072 1094 1103 1219 1252 1285 1330 1410 1436 1479 1601 1616 1633 1650 1701 1734 1783 1789 1808 1853 1871 1877 1887 1891 1964 1977 2035 2170 2176 2216 2338 2392 2396 2416 2436 2473 2516 2518 2527 2605 2616 2616 2621 2634 2639 2751 2763 2780 2806 2852 2873 2902 2928 2986 2991 3000 3007 3040 3055 3056 3086 3112 3123 3126 3150 3206 3219 3330 3333 3350 3365 3437 3446 3465 3494 3519 3622 3630 3637 3760 3766 3799 3847 3848 3862 3885 3906 3950 3962 3980 108 894 475 3081 3738 3359 2525 3756 2808 82 693 2638 1820 2256 748 884 3263 2452 2916 3647 1545 896 1958 1549 488 1546 629 2816 2369 183 906 794 3962 1007 3370 2417 855 132 2662 3272 1357 3535 982 580 3869 432 294 2999 204 3541 2403 2890 3782 2341 2628 938 3770 2250 3528 3906 1480 1113 2350 647 2848 1207 2665 1756 2271 16 3504 2391 2992 2480 862 2202 1995 538 1440 440 2960 489 2497 1657 3389 2193 1660 3033 1094 1696 1389 2460 2880 1801 2067 2730 1866 1750 2534 1594 2044 274 396 2622 2304 3553 3542 1533 1824 2039 3744 1931 3580 851 3009 3874 976 960 2160 775 1367 3507 217 1601 3993 
Массив после сортировки:
16 27 48 76 82 108 111 132 132 183 204 214 215 217 260 274 288 294 324 326 377 394 396 432 440 451 475 482 482 488 489 513 535 538 551 559 580 580 580 599 629 647 689 693 748 757 757 775 794 820 820 829 848 851 855 862 884 890 894 896 906 925 936 938 960 976 982 1007 1007 1021 1072 1094 1094 1103 1113 1207 1219 1252 1285 1330 1357 1367 1389 1410 1436 1440 1479 1480 1533 1545 1546 1549 1594 1601 1601 1616 1633 1650 1657 1660 1696 1701 1734 1750 1756 1783 1789 1801 1808 1820 1824 1853 1866 1871 1877 1887 1891 1931 1958 1964 1977 1995 2035 2039 2044 2067 2160 2170 2176 2193 2202 2216 2250 2256 2271 2304 2338 2341 2350 2369 2391 2392 2396 2403 2416 2417 2436 2452 2460 2473 2480 2497 2516 2518 2525 2527 2534 2605 2616 2616 2621 2622 2628 2634 2638 2639 2662 2665 2730 2751 2763 2780 2806 2808 2816 2848 2852 2873 2880 2890 2902 2916 2928 2960 2986 2991 2992 2999 3000 3007 3009 3033 3040 3055 3056 3081 3086 3112 3123 3126 3150 3206 3219 3263 3272 3330 3333 3350 3359 3365 3370 3389 3437 3446 3465 3494 3504 3507 3519 3528 3535 3541 3542 3553 3580 3622 3630 3637 3647 3738 3744 3756 3760 3766 3770 3782 3799 3847 3848 3862 3869 3874 3885 3906 3906 3950 3962 3962 3980 3993 
Массив до сортировки (сортировка подсчетом):
27 48 76 82 108 111 132 214 215 260 288 324 326 377 394 451 475 482 482 488 513 535 551 559 580 580 599 689 693 748 757 757 820 820 829 848 884 890 894 896 925 936 1007 1021 1072 1094 1103 1219 1252 1285 1330 1410 1436 1479 1545 1549 1601 1616 1633 1650 1701 1734 1783 1789 1808 1820 1853 1871 1877 1887 1891 1958 1964 1977 2035 2170 2176 2216 2256 2338 2392 2396 2416 2436 2452 2473 2516 2518 2525 2527 2605 2616 2616 2621 2634 2638 2639 2751 2763 2780 2806 2808 2852 2873 2902 2916 2928 2986 2991 3000 3007 3040 3055 3056 3081 3086 3112 3123 3126 3150 3206 3219 3263 3330 3333 3350 3359 3365 3437 3446 3465 3494 3519 3622 3630 3637 3647 3738 3756 3760 3766 3799 3847 3848 3862 3885 3906 3950 3962 3980 1546 629 2816 2369 183 906 794 3962 1007 3370 2417 855 132 2662 3272 1357 3535 982 580 3869 432 294 2999 204 3541 2403 2890 3782 2341 2628 938 3770 2250 3528 3906 1480 1113 2350 647 2848 1207 2665 1756 2271 16 3504 2391 2992 2480 862 2202 1995 538 1440 440 2960 489 2497 1657 3389 2193 1660 3033 1094 1696 1389 2460 2880 1801 2067 2730 1866 1750 2534 1594 2044 274 396 2622 2304 3553 3542 1533 1824 2039 3744 1931 3580 851 3009 3874 976 960 2160 775 1367 3507 217 1601 3993 270 2828 1505 3494 1718 2779 3283 1717 222 277 1148 1159 126 1698 2962 2700 1592 2515 1821 1181 1804 1870 3378 636 1488 3522 907 3404 3390 3442 1495 1171 1978 281 1267 3985 232 3948 401 1886 2983 188 685 3666 2842 3868 3034 3052 618 2381 
Массив после сортировки:
16 27 48 76 82 108 111 126 132 132 183 188 204 214 215 217 222 232 260 270 274 277 281 288 294 324 326 377 394 396 401 432 440 451 475 482 482 488 489 513 535 538 551 559 580 580 580 599 618 629 636 647 685 689 693 748 757 757 775 794 820 820 829 848 851 855 862 884 890 894 896 906 907 925 936 938 960 976 982 1007 1007 1021 1072 1094 1094 1103 1113 1148 1159 1171 1181 1207 1219 1252 1267 1285 1330 1357 1367 1389 1410 1436 1440 1479 1480 1488 1495 1505 1533 1545 1546 1549 1592 1594 1601 1601 1616 1633 1650 1657 1660 1696 1698 1701 1717 1718 1734 1750 1756 1783 1789 1801 1804 1808 1820 1821 1824 1853 1866 1870 1871 1877 1886 1887 1891 1931 1958 1964 1977 1978 1995 2035 2039 2044 2067 2160 2170 2176 2193 2202 2216 2250 2256 2271 2304 2338 2341 2350 2369 2381 2391 2392 2396 2403 2416 2417 2436 2452 2460 2473 2480 2497 2515 2516 2518 2525 2527 2534 2605 2616 2616 2621 2622 2628 2634 2638 2639 2662 2665 2700 2730 2751 2763 2779 2780 2806 2808 2816 2828 2842 2848 2852 2873 2880 2890 2902 2916 2928 2960 2962 2983 2986 2991 2992 2999 3000 3007 3009 3033 3034 3040 3052 3055 3056 3081 3086 3112 3123 3126 3150 3206 3219 3263 3272 3283 3330 3333 3350 3359 3365 3370 3378 3389 3390 3404 3437 3442 3446 3465 3494 3494 3504 3507 3519 3522 3528 3535 3541 3542 3553 3580 3622 3630 3637 3647 3666 3738 3744 3756 3760 3766 3770 3782 3799 3847 3848 3862 3868 3869 3874 3885 3906 3906 3948 3950 3962 3962 3980 3985 3993 
Массив до сортировки (сортировка подсчетом):
3980 3962 3950 3848 3760 3446 3219 3126 3123 3112 3056 3055 3040 3000 2902 2873 2763 2751 2634 2616 2473 2436 2416 2392 2216 1977 1891 1877 1853 1808 1616 1601 1479 1330 1285 1219 1103 1072 1021 925 820 820 689 580 559 551 482 377 324 76 
Массив после сортировки:
76 324 377 482 551 559 580 689 820 820 925 1021 1072 1103 1219 1285 1330 1479 1601 1616 1808 1853 1877 1891 1977 2216 2392 2416 2436 2473 2616 2634 2751 2763 2873 2902 3000 3040 3055 3056 3112 3123 3126 3219 3446 3760 3848 3950 3962 3980 
Массив до сортировки (сортировка подсчетом):
3980 3962 3950 3906 3885 3848 3847 3760 3637 3630 3465 3446 3365 3330 3219 3206 3126 3123 3112 3086 3056 3055 3040 3007 3000 2991 2986 2928 2902 2873 2852 2780 2763 2751 2639 2634 2621 2616 2616 2518 2516 2473 2436 2416 2396 2392 2216 2176 2035 1977 1964 1891 1887 1877 1871 1853 1808 1789 1783 1734 1650 1633 1616 1601 1479 1330 1285 1252 1219 1103 1094 1072 1021 1007 936 925 890 848 829 820 820 689 599 580 559 551 535 482 482 377 326 324 288 260 215 132 111 76 48 27 
Массив после сортировки:
27 48 76 111 132 215 260 288 324 326 377 482 482 535 551 559 580 599 689 820 820 829 848 890 925 936 1007 1021 1072 1094 1103 1219 1252 1285 1330 1479 1601 1616 1633 1650 1734 1783 1789 1808 1853 1871 1877 1887 1891 1964 1977 2035 2176 2216 2392 2396 2416 2436 2473 2516 2518 2616 2616 2621 2634 2639 2751 2763 2780 2852 2873 2902 2928 2986 2991 3000 3007 3040 3055 3056 3086 3112 3123 3126 3206 3219 3330 3365 3446 3465 3630 3637 3760 3847 3848 3885 3906 3950 3962 3980 
Массив до сортировки (сортировка подсчетом):
3980 3962 3950 3906 3885 3862 3848 3847 3799 3766 3760 3756 3738 3647 3637 3630 3622 3519 3494 3465 3446 3437 3365 3359 3350 3333 3330 3263 3219 3206 3150 3126 3123 3112 3086 3081 3056 3055 3040 3007 3000 2991 2986 2928 2916 2902 2873 2852 2808 2806 2780 2763 2751 2639 2638 2634 2621 2616 2616 2605 2527 2525 2518 2516 2473 2452 2436 2416 2396 2392 2338 2256 2216 2176 2170 2035 1977 1964 1958 1891 1887 1877 1871 1853 1820 1808 1789 1783 1734 1701 1650 1633 1616 1601 1549 1545 1479 1436 1410 1330 1285 1252 1219 1103 1094 1072 1021 1007 936 925 896 894 890 884 848 829 820 820 757 757 748 693 689 599 580 580 559 551 535 513 488 482 482 475 451 394 377 326 324 288 260 215 214 132 111 108 82 76 48 27 
Массив после сортировки:
27 48 76 82 108 111 132 214 215 260 288 324 326 377 394 451 475 482 482 488 513 535 551 559 580 580 599 689 693 748 757 757 820 820 829 848 884 890 894 896 925 936 1007 1021 1072 1094 1103 1219 1252 1285 1330 1410 1436 1479 1545 1549 1601 1616 1633 1650 1701 1734 1783 1789 1808 1820 1853 1871 1877 1887 1891 1958 1964 1977 2035 2170 2176 2216 2256 2338 2392 2396 2416 2436 2452 2473 2516 2518 2525 2527 2605 2616 2616 2621 2634 2638 2639 2751 2763 2780 2806 2808 2852 2873 2902 2916 2928 2986 2991 3000 3007 3040 3055 3056 3081 3086 3112 3123 3126 3150 3206 3219 3263 3330 3333 3350 3359 3365 3437 3446 3465 3494 3519 3622 3630 3637 3647 3738 3756 3760 3766 3799 3847 3848 3862 3885 3906 3950 3962 3980 
Массив до сортировки (сортировка подсчетом):
3980 3962 3962 3950 3906 3906 3885 3869 3862 3848 3847 3799 3782 3770 3766 3760 3756 3738 3647 3637 3630 3622 3541 3535 3528 3519 3504 3494 3465 3446 3437 3370 3365 3359 3350 3333 3330 3272 3263 3219 3206 3150 3126 3123 3112 3086 3081 3056 3055 3040 3007 3000 2999 2992 2991 2986 2928 2916 2902 2890 2873 2852 2848 2816 2808 2806 2780 2763 2751 2665 2662 2639 2638 2634 2628 2621 2616 2616 2605 2527 2525 2518 2516 2480 2473 2452 2436 2417 2416 2403 2396 2392 2391 2369 2350 2341 2338 2271 2256 2250 2216 2176 2170 2035 1977 1964 1958 1891 1887 1877 1871 1853 1820 1808 1789 1783 1756 1734 1701 1650 1633 1616 1601 1549 1546 1545 1480 1479 1436 1410 1357 1330 1285 1252 1219 1207 1113 1103 1094 1072 1021 1007 1007 982 938 936 925 906 896 894 890 884 862 855 848 829 820 820 794 757 757 748 693 689 647 629 599 580 580 580 559 551 535 513 488 482 482 475 451 432 394 377 326 324 294 288 260 215 214 204 183 132 132 111 108 82 76 48 27 16 
Массив после сортировки:
16 27 48 76 82 108 111 132 132 183 204 214 215 260 288 294 324 326 377 394 432 451 475 482 482 488 513 535 551 559 580 580 580 599 629 647 689 693 748 757 757 794 820 820 829 848 855 862 884 890 894 896 906 925 936 938 982 1007 1007 1021 1072 1094 1103 1113 1207 1219 1252 1285 1330 1357 1410 1436 1479 1480 1545 1546 1549 1601 1616 1633 1650 1701 1734 1756 1783 1789 1808 1820 1853 1871 1877 1887 1891 1958 1964 1977 2035 2170 2176 2216 2250 2256 2271 2338 2341 2350 2369 2391 2392 2396 2403 2416 2417 2436 2452 2473 2480 2516 2518 2525 2527 2605 2616 2616 2621 2628 2634 2638 2639 2662 2665 2751 2763 2780 2806 2808 2816 2848 2852 2873 2890 2902 2916 2928 2986 2991 2992 2999 3000 3007 3040 3055 3056 3081 3086 3112 3123 3126 3150 3206 3219 3263 3272 3330 3333 3350 3359 3365 3370 3437 3446 3465 3494 3504 3519 3528 3535 3541 3622 3630 3637 3647 3738 3756 3760 3766 3770 3782 3799 3847 3848 3862 3869 3885 3906 3906 3950 3962 3962 3980 
Массив до сортировки (сортировка подсчетом):
3993 3980 3962 3962 3950 3906 3906 3885 3874 3869 3862 3848 3847 3799 3782 3770 3766 3760 3756 3744 3738 3647 3637 3630 3622 3580 3553 3542 3541 3535 3528 3519 3507 3504 3494 3465 3446 3437 3389 3370 3365 3359 3350 3333 3330 3272 3263 3219 3206 3150 3126 3123 3112 3086 3081 3056 3055 3040 3033 3009 3007 3000 2999 2992 2991 2986 2960 2928 2916 2902 2890 2880 2873 2852 2848 2816 2808 2806 2780 2763 2751 2730 2665 2662 2639 2638 2634 2628 2622 2621 2616 2616 2605 2534 2527 2525 2518 2516 2497 2480 2473 2460 2452 2436 2417 2416 2403 2396 2392 2391 2369 2350 2341 2338 2304 2271 2256 2250 2216 2202 2193 2176 2170 2160 2067 2044 2039 2035 1995 1977 1964 1958 1931 1891 1887 1877 1871 1866 1853 1824 1820 1808 1801 1789 1783 1756 1750 1734 1701 1696 1660 1657 1650 1633 1616 1601 1601 1594 1549 1546 1545 1533 1480 1479 1440 1436 1410 1389 1367 1357 1330 1285 1252 1219 1207 1113 1103 1094 1094 1072 1021 1007 1007 982 976 960 938 936 925 906 896 894 890 884 862 855 851 848 829 820 820 794 775 757 757 748 693 689 647 629 599 580 580 580 559 551 538 535 513 489 488 482 482 475 451 440 432 396 394 377 326 324 294 288 274 260 217 215 214 204 183 132 132 111 108 82 76 48 27 16 
Массив после сортировки:
16 27 48 76 82 108 111 132 132 183 204 214 215 217 260 274 288 294 324 326 377 394 396 432 440 451 475 482 482 488 489 513 535 538 551 559 580 580 580 599 629 647 689 693 748 757 757 775 794 820 820 829 848 851 855 862 884 890 894 896 906 925 936 938 960 976 982 1007 1007 1021 1072 1094 1094 1103 1113 1207 1219 1252 1285 1330 1357 1367 1389 1410 1436 1440 1479 1480 1533 1545 1546 1549 1594 1601 1601 1616 1633 1650 1657 1660 1696 1701 1734 1750 1756 1783 1789 1801 1808 1820 1824 1853 1866 1871 1877 1887 1891 1931 1958 1964 1977 1995 2035 2039 2044 2067 2160 2170 2176 2193 2202 2216 2250 2256 2271 2304 2338 2341 2350 2369 2391 2392 2396 2403 2416 2417 2436 2452 2460 2473 2480 2497 2516 2518 2525 2527 2534 2605 2616 2616 2621 2622 2628 2634 2638 2639 2662 2665 2730 2751 2763 2780 2806 2808 2816 2848 2852 2873 2880 2890 2902 2916 2928 2960 2986 2991 2992 2999 3000 3007 3009 3033 3040 3055 3056 3081 3086 3112 3123 3126 3150 3206 3219 3263 3272 3330 3333 3350 3359 3365 3370 3389 3437 3446 3465 3494 3504 3507 3519 3528 3535 3541 3542 3553 3580 3622 3630 3637 3647 3738 3744 3756 3760 3766 3770 3782 3799 3847 3848 3862 3869 3874 3885 3906 3906 3950 3962 3962 3980 3993 
Массив до сортировки (сортировка подсчетом):
3993 3985 3980 3962 3962 3950 3948 3906 3906 3885 3874 3869 3868 3862 3848 3847 3799 3782 3770 3766 3760 3756 3744 3738 3666 3647 3637 3630 3622 3580 3553 3542 3541 3535 3528 3522 3519 3507 3504 3494 3494 3465 3446 3442 3437 3404 3390 3389 3378 3370 3365 3359 3350 3333 3330 3283 3272 3263 3219 3206 3150 3126 3123 3112 3086 3081 3056 3055 3052 3040 3034 3033 3009 3007 3000 2999 2992 2991 2986 2983 2962 2960 2928 2916 2902 2890 2880 2873 2852 2848 2842 2828 2816 2808 2806 2780 2779 2763 2751 2730 2700 2665 2662 2639 2638 2634 2628 2622 2621 2616 2616 2605 2534 2527 2525 2518 2516 2515 2497 2480 2473 2460 2452 2436 2417 2416 2403 2396 2392 2391 2381 2369 2350 2341 2338 2304 2271 2256 2250 2216 2202 2193 2176 2170 2160 2067 2044 2039 2035 1995 1978 1977 1964 1958 1931 1891 1887 1886 1877 1871 1870 1866 1853 1824 1821 1820 1808 1804 1801 1789 1783 1756 1750 1734 1718 1717 1701 1698 1696 1660 1657 1650 1633 1616 1601 1601 1594 1592 1549 1546 1545 1533 1505 1495 1488 1480 1479 1440 1436 1410 1389 1367 1357 1330 1285 1267 1252 1219 1207 1181 1171 1159 1148 1113 1103 1094 1094 1072 1021 1007 1007 982 976 960 938 936 925 907 906 896 894 890 884 862 855 851 848 829 820 820 794 775 757 757 748 693 689 685 647 636 629 618 599 580 580 580 559 551 538 535 513 489 488 482 482 475 451 440 432 401 396 394 377 326 324 294 288 281 277 274 270 260 232 222 217 215 214 204 188 183 132 132 126 111 108 82 76 48 27 16 
Массив после сортировки:
16 27 48 76 82 108 111 126 132 132 183 188 204 214 215 217 222 232 260 270 274 277 281 288 294 324 326 377 394 396 401 432 440 451 475 482 482 488 489 513 535 538 551 559 580 580 580 599 618 629 636 647 685 689 693 748 757 757 775 794 820 820 829 848 851 855 862 884 890 894 896 906 907 925 936 938 960 976 982 1007 1007 1021 1072 1094 1094 1103 1113 1148 1159 1171 1181 1207 1219 1252 1267 1285 1330 1357 1367 1389 1410 1436 1440 1479 1480 1488 1495 1505 1533 1545 1546 1549 1592 1594 1601 1601 1616 1633 1650 1657 1660 1696 1698 1701 1717 1718 1734 1750 1756 1783 1789 1801 1804 1808 1820 1821 1824 1853 1866 1870 1871 1877 1886 1887 1891 1931 1958 1964 1977 1978 1995 2035 2039 2044 2067 2160 2170 2176 2193 2202 2216 2250 2256 2271 2304 2338 2341 2350 2369 2381 2391 2392 2396 2403 2416 2417 2436 2452 2460 2473 2480 2497 2515 2516 2518 2525 2527 2534 2605 2616 2616 2621 2622 2628 2634 2638 2639 2662 2665 2700 2730 2751 2763 2779 2780 2806 2808 2816 2828 2842 2848 2852 2873 2880 2890 2902 2916 2928 2960 2962 2983 2986 2991 2992 2999 3000 3007 3009 3033 3034 3040 3052 3055 3056 3081 3086 3112 3123 3126 3150 3206 3219 3263 3272 3283 3330 3333 3350 3359 3365 3370 3378 3389 3390 3404 3437 3442 3446 3465 3494 3494 3504 3507 3519 3522 3528 3535 3541 3542 3553 3580 3622 3630 3637 3647 3666 3738 3744 3756 3760 3766 3770 3782 3799 3847 3848 3862 3868 3869 3874 3885 3906 3906 3948 3950 3962 3962 3980 3985 3993 
